-3.160811883229055397e+01 -2.954397214469602773e+01
6.772502908168664959e+00 9.554470297925155009e+00
4.645145197356216471e+01 1.531770968715708747e+01
2.489066375339118409e+01 1.535698708517353417e+01
2.477148092712738858e+01 4.613067360728213373e+01
-4.916117020584464825e+01 -3.935556233022806794e+01
-2.012962862306184775e+01 1.564111830822699822e+01
3.098125525409347603e+01 3.721759137242830207e+01
4.646475973719302033e+01 2.236853469199534672e+01
1.424753278958412750e+01 2.174536208124137104e+01
-3.240099278070351918e+00 -1.744153224606221997e+01
-6.035539411519053488e+00 2.296890827468514118e+01
4.940145858999619577e+01 1.768737117737699904e+01
2.908225178477885464e+01 -3.290857422075655592e+01
-4.731507242100644106e+01 3.003702439254607270e+01
4.037225382170001353e+01 -4.753237895707347604e+01
-8.252681554114071893e-01 2.625516734985788858e+00
9.636601041938053669e+00 -4.480424548974664134e+01
3.950895280539211996e+01 2.282661803271173184e+01
3.183500113899144779e+01 2.227528344482809786e-02
3.101894088032547359e+01 -4.040314742554333804e+01
-2.810499562679065377e+01 -2.412809383968874499e+01
-3.189424604706481148e+00 -4.062679739651908761e+00
2.095097802091789774e+01 -3.219469941164619087e+01
3.144988435963402829e+00 -3.322577712135142747e+01
2.688139184058102416e+01 4.281705491153226717e+01
1.094936579935035326e+01 -3.498165053311183215e+01
-1.037329630600458685e+00 -1.226550461667743619e+01
3.486014119777788522e+01 4.110972286316726354e+01
-1.161512788427114806e+01 -1.845040966038761354e+01
6.839415279542404136e+00 -3.121819649756002590e+01
-3.741584561726297409e+01 1.875958050444918968e+01
2.996067179474018971e+01 7.353656519864316010e+00
4.732299815994849013e+01 1.340543771374785820e+01
3.884217248114267562e+01 -4.585241242535675887e-01
-1.483834701097878117e+01 2.142303685445206085e+01
3.929116447915492749e-01 -2.743623934793605201e+01
-2.550255597581358913e+01 2.928007000495905743e+01
-4.827585488630936617e-01 4.150936733997764350e+01
4.453718338750177708e+01 3.323222965521577255e+00
-2.475074054425733294e+01 2.208620581748479594e+01
-1.325612362054227056e+01 -1.351557088946742091e-01
-2.734249525375441792e+01 -1.464343532539530379e+01
1.508517866232056370e+01 -1.870671046948480054e+01
2.687354471693397073e+01 2.818371033712542228e+01
3.524094829407250273e+01 4.499057401519872457e+01
-3.926770877989558528e+01 4.107253559654026986e+01
-1.639448380875138156e+01 3.263804268146445509e+01
3.981006351198467996e+01 -4.572846956636669091e+01
-3.042050009112035980e+01 -2.054986780428955484e+01
1.269998805719290047e+01 -4.137768948772478694e+01
-3.570549801877903917e+01 1.582651923093170154e+00
1.893413296582980720e+01 3.566258107898887886e+01
1.473616833221110767e+01 8.161867553073987480e+00
2.111159550984596933e+01 -2.475831429534751749e+01
4.001596834826075622e+01 -5.770630709371604716e+00
-4.794791753432880199e+01 4.596610139968157682e+01
1.522254224477255136e+01 1.320625010467368909e+00
1.823563831377039790e+01 -1.045960937082890396e+00
4.264901712574321380e+01 1.587977216865044117e+00
-4.278401182630688027e+01 6.750829819906356555e+00
1.152431837237443091e+01 4.415462944696400882e+01
-8.463664527899705803e+00 -2.355600254245165814e+01
-4.026068346342213999e+01 -1.415577812199830809e+00
-3.533713713904695908e+00 -4.702406830088578005e+01
1.942774618573754708e+01 2.169471123652260047e+01
2.298114232911694188e+01 -8.564898281045429940e+00
-4.849011552058409791e+01 4.089751574841472603e+01
2.893787181103599693e+01 -3.348008308368234509e+01
-1.872140386737289930e+01 1.109453058195960473e+01
-1.355097132811409111e+01 -3.439614107985005376e+01
-3.226961865754481806e+01 3.678896710470460363e+01
-2.099053315555065069e+01 8.517962131466138231e+00
-4.600512409053103546e+00 -8.882186782746115838e+00
3.826344451768417798e+01 1.927080147947489763e+01
-2.207266448042495455e+01 -4.355597688147165059e+01
-3.013763862411510530e+01 4.316827447029557874e+01
3.544135677806904283e+01 4.547347345609252045e+01
-4.477466517568270632e+01 7.947168059093401737e+00
-1.950373335087063342e+00 -4.782910210244357785e+01
-1.263795362656050614e+01 -8.590819882344080227e+00
1.039072339140043510e+01 1.717487273552374916e+01
3.388657004383163951e+01 2.795262083188739766e+01
-9.929895595876880421e+00 2.945292313896830194e+01
3.931243103976029829e+01 -2.375103091411084932e+01
4.891970073781058659e+01 3.533070990157378333e+01
2.314771560377569770e+01 -1.444343752936464398e+01
3.832894907073365687e+01 3.679590908270853333e+01
4.557664458336378743e+01 -4.998927434802629932e+01
-4.834589580810253295e+01 -1.859299427412559425e+01
4.953161745927157256e+01 -3.511557768440094662e+01
-3.326228812914956734e+01 2.585720369179193057e+01
-4.304703338456769046e+01 2.054734385962705545e+01
-3.083471822090444459e+00 -4.898117838746871655e+01
2.748238628662620187e+01 2.942010083604740345e+01
-3.504305482541344219e+01 -4.762963682099110940e+01
2.620637708943899113e+01 -2.763298201066556459e+01
-2.378256022348858068e+01 -4.313049722450513102e+00
-2.500730814929817925e+01 6.828356159074678189e+00
3.469429969102437639e+01 -1.219004629704294373e+01
-6.753488356796333747e+00 3.326191762741114388e+01
-1.288680643058061115e+01 -4.594467280738378179e+01
5.467148597198690396e+00 -4.875375718907982048e+00
2.253009767267311148e+01 -1.215494776854043657e+01
3.406624957089064054e+01 -3.068530641637567946e+00
6.264342901217368365e+00 1.611993392450590079e+01
-3.775813247532866512e+00 1.236369454887165098e+01
-2.781193688146399268e+01 2.328631167551990089e+01
-1.183179113040041486e+01 -3.051654582294355222e+01
-2.288372252060315759e+01 -2.507749480371874640e+01
-3.478609377445334161e+01 2.713737042013263334e+01
-2.445882676360231400e+01 -3.724565949514655472e+01
1.651671533226938138e+01 -8.719505132001724945e+00
1.677677664388838963e+01 1.598135170979930741e+01
-1.946223281225002566e+01 -2.987757589712497364e+01
-2.779728735008740870e+01 -3.800291366560691131e+01
-4.628545589697360185e+01 -4.658684164758807356e+01
-2.695034520854442306e+01 -2.716462935345024121e+01
1.249106219248093907e+01 3.925611854667612022e+01
2.797280162429423100e+01 2.214512686280745157e+01
-1.895578409647473705e+01 -1.369165835768203543e+01
-3.039182161357104661e+01 4.354917980336811922e+01
6.173400017602038048e+00 3.172915368907108657e+01
-1.510860190529943381e+01 2.997142628236127848e+01
-3.958955374726583898e+01 2.121201651273947419e+01
4.174484959156598052e+01 3.035853686291986975e+01
-1.728868537010421846e+01 -2.448928207361341691e+01
-4.997825642862219198e-01 -8.638904573053329372e+00
-7.506290470724785280e+00 -4.256216951552310945e+01
1.033906512895237384e+01 2.471997335454725331e+01
2.975762266608199624e+01 -1.184994774462071376e+01
2.971581528204094624e+01 -2.820263038581038995e+00
2.213991711446312394e+01 -3.107873107254975764e+01
-6.540429062038988661e+00 3.234681090521418412e+01
3.262726278651027911e+01 -3.104745165183717859e+01
-4.798978298473368653e+01 2.034913860559693788e+01
-1.527298805810608506e+01 -8.049618377654644163e+00
2.680889031777187270e+01 4.628780663042870458e+01
3.925653069255604777e+01 -3.650577333259663249e+01
2.978047149920718439e+01 1.820906075403962987e+01
3.005288712108433735e+00 3.659816552061669626e+01
2.532480953527283063e+01 -4.067974131807486771e+01
-1.705605679684297726e+01 -8.763730436714400440e+00
-4.990353922338915993e+01 9.756356312696512489e+00
1.825615420825358370e+01 -1.337192384564718139e+01
-1.035011425730218981e+01 -2.464085448868724715e+00
8.107990054324542228e+00 -3.628628721892363274e+01
4.994141734640486874e+01 7.327208783190930497e-01
-6.933295454260135493e-01 -3.131252449721215925e+01
-2.039119852363883112e+01 2.985150592159274652e+01
-2.052217070626632989e+01 1.971215933335274073e+01
-2.270407712490735008e+01 4.125284512654074121e+01
-2.014607662400986854e+01 3.898597721036697550e+01
4.467222937647235881e+01 -3.310871771289006915e+01
-1.407085942673653634e+01 1.821773028712335574e+01
4.213919700550423642e+01 -3.550756560057158140e+01
-4.001256150418194579e+01 -8.839722342834699376e+00
4.751253707579930818e+01 -4.584934591013151106e+01
-3.130857054875097845e+01 1.087679879960481344e+01
-4.127812848768570575e+01 -1.837118460880467907e+01
1.101357765070787309e+01 -2.988052871018697232e+01
1.918977164277979597e+01 -2.553730288076419086e+01
1.803716958951392257e+01 -1.406227109012292420e+00
-2.395051883295031914e+01 -2.172596807833210164e+01
4.054516198271880256e+01 -2.241573125615373741e+01
3.411480425077701994e+01 -3.035756253143069472e+01
-1.694165705355398188e+01 4.466298851832796402e+01
6.071849538723195217e-01 -9.658414170456930847e+00
-4.729384616231391192e+01 1.217736894333510911e+01
-1.526514932426711368e+01 -2.232007721954020241e+01
-4.359452260671007195e+01 -1.656094810843190501e+01
-4.322900575350071506e+01 -4.961757517370214288e+01
-4.590321965855142849e+01 -1.510451343770395916e+01
-4.080456891635899552e+01 2.031572645884804906e+00
-2.842501866177998693e+01 4.916665451059233050e+01
-2.328128389485512173e+01 1.801680525413222966e+01
2.624611916832142455e+00 -6.007693026953364601e+00
1.615552457261372155e+01 -3.652148253963440538e+01
2.878490049090520841e+01 -3.620222989876158692e+01
1.329232977295127327e+01 -2.863346422994650453e+01
-4.766246852667745060e+01 1.269339732809756605e+01
1.421637265702027086e+01 1.421033367822120930e+01
3.646208996742156216e+01 -1.627985965335633267e+01
-8.904161325188820086e+00 1.103186837750797977e+01
4.408431907387411997e+01 -3.479227302074509254e+01
-3.159419939901826524e+01 -3.455617118039994295e+01
2.128243258498222445e+01 4.279831613462485507e+01
-7.731282001832717299e+00 4.517726364903229097e+00
-1.776110346780659199e+01 -3.392953167654968638e+01
2.031520245915466916e+01 2.302484064170056044e+01
4.604045376089140973e+01 -1.295094292331169328e+01
2.166983918182995339e+01 4.860612178245406767e+01
-3.892324413236125480e+01 2.582285489089769470e+01
-3.424458786646378172e+01 3.164352554083398417e+01
5.410654622745337150e+00 8.171022085941270774e+00
4.361455832008289946e+01 -6.565224489844146305e+00
-1.087281363194192441e+00 1.661304668057663747e+01
1.301540010820412263e+01 -3.697952493468432777e+01
-1.461560287677632353e+01 1.351233846361238378e+01
4.189558610084588253e+01 -4.087332794431070226e+01
-4.289178750099690518e+01 -8.628836386394489466e+00
-2.843588307136642968e+01 1.969863154970863395e+00
5.851402212858469731e+00 -2.629983607696939618e+00
-2.841278783407313924e+01 -2.605611147003880035e+01
-2.832617472785087287e+01 1.556903781340189852e+01
3.463934504402256209e+01 4.304643933160011926e+01
3.003055171295611103e+01 1.807258452302570362e+01
-2.927430418175786997e+01 2.416597249737370134e+01
1.969045856958027230e+01 -1.182405257416098188e+01
3.501191246414241220e+01 2.811118110962773642e+00
3.930090689876779209e+01 3.205593748952977506e+01
-2.714213805997085416e+01 3.206239692513679529e+01
-3.614385748633661422e+01 -1.753250482581181213e+00
-3.511894435774043188e+01 -5.170594506819503167e+00
1.659564724038757788e+01 2.890324251828113589e+01
1.620207580922344803e+01 2.115124288600507185e+01
3.879236621311065392e+01 -3.583247087528362584e+01
-3.524298764486374580e+01 -1.740691570500688812e+01
-4.681261704513255495e+01 1.877628946163327583e+01
2.647300452401418625e+01 -1.499905813252581055e+01
1.160076106681068353e+01 4.584998588174427425e+01
-2.089473833866394159e+01 1.866784625040812529e+01
-4.577717697180418810e+01 -4.374963682797533693e+01
3.143986957013643746e+01 -6.338163757472392135e+00
-1.079315679519057269e+01 -1.693523203366954633e+01
-4.234117158442396445e+00 3.353521522745781169e+01
-3.323112380049819681e+00 -7.871401222750796123e+00
7.085155293852308134e+00 2.390559566933301383e+01
-4.449165914059260984e+01 1.241806490718414580e+01
1.210603276942172712e+01 -4.988894681808346832e+01
1.028935064016103240e+01 -4.598145879009884140e+01
8.575036678268332935e+00 -5.162057533671404741e+00
-1.462697323810806438e+01 4.335252343742336478e+01
-2.327440682416590434e+01 -2.187006195361439609e+01
4.905963645653987903e-01 1.468061186755167391e+01
4.705734290236615891e+01 -4.641245206051185335e+01
-7.680013385690410033e+00 8.831208866999917362e+00
2.317022825554833076e+01 -3.244889270821475691e+01
1.053878460931989558e+00 2.845958394068759389e-02
3.927676319777631164e+01 -1.173172924944463347e+01
1.628638368029705674e+01 -4.531884402979496684e+01
2.512232838816755986e+01 -1.312147076642344956e+01
4.480286365619744515e+01 -1.527747818257840784e+01
1.838931988469576595e+01 3.246348817452958713e+01
-1.374700576380794015e+00 4.841758713264923131e+01
1.038140381632550735e+01 2.596248319852005793e+01
1.845166953662518239e+01 4.324162271821371206e+01
4.497854715285107829e+01 4.901111280529705283e+01
-3.738446169129707641e+01 4.766006172519188056e+01
-2.708943439144132626e+01 -3.139435771843118772e+01
9.211422010048320175e-01 3.049768266391128524e+00
-2.173607583247367714e+01 -1.898384646415991384e+01
-1.901156238701024037e+01 -2.336111141017089921e+01
9.343115087194286517e+00 -2.828656275410725840e+01
-9.761708232194221679e+00 -2.114387605011490834e+01
-3.261591847737656735e+01 -2.742864767114794233e+01
4.886414175794985226e+01 -6.594864710899239313e+00
3.281892760209559157e+01 7.251283194339586124e+00
1.519002784904143155e+01 2.297381561266759320e+01
-1.087163488789764187e+01 -1.071375434329253551e+01
3.595512303629868711e+01 3.100196112040211105e+01
3.365438843819310932e+01 -3.120120757375416432e+01
-1.404032525788672103e+01 -1.801601693091159362e+00
4.660726461077473459e+01 6.331318390629503412e+00
3.275048625979775352e+01 -4.238923900663466782e+01
5.313794456354347773e+00 4.794045975621974875e+00
4.054435979105611665e+01 -1.305113253871447121e+01
4.011626419415909339e+01 -3.593689750671749294e+01
-4.008262746909886687e+01 4.731832600400921507e+01
4.420450203449850335e+01 9.094696023951598818e+00
-4.480421355086687640e+01 -4.498483022863612746e+01
-1.753978229302262193e+01 -1.242502381373533638e+01
2.641493194013307999e+01 3.592658434731550443e+01
4.570827417182021790e+00 -1.761450168325738730e+01
-9.418513274110173583e+00 -3.903322268346055779e+01
-3.627086830100398629e+01 2.453889688773590549e+01
3.764155405449559311e+01 -2.410106565856298033e+01
1.856016609238923110e+01 -1.408885244795515845e+01
-4.939828745422367717e+01 2.611808571818848890e+01
-8.597760657724895950e+00 -1.661080257142282335e+01
-2.219569169228805450e+01 9.251415886708025837e+00
-1.748993577705988400e+01 4.368053410071972564e+01
-4.040170245640693025e+01 3.832957458882299306e+01
6.801773290138579675e+00 -4.380765254625293181e+01
3.749886651985367081e+01 -2.751472328250742549e+01
2.993832813888652566e+01 3.018749829119923334e+01
-4.710454803452848438e+01 1.270990034763373977e+01
1.046392608048535244e+01 -4.217924751448114762e+01
2.729535627056686309e+01 -3.566833757303737684e+01
-3.631539217133339381e+00 -4.028893240401389875e+01
6.985421592266738422e+00 -9.623304177969915330e+00
8.657870472635742942e+00 2.487063745595904507e+01
3.896138330315201159e+01 -1.206098445746277648e+01
-2.075637382126653918e+01 9.290239973574143661e-01
3.281360039888603364e+00 -3.945783793082641466e+01
-4.540589965430138619e+01 1.219931491910180021e+01
3.224449222617640487e+01 -4.449364300947465978e+01
2.979734453001498906e+01 -2.557550782133222356e+01
3.035377420094460632e+01 -2.018249345376495896e+01
-3.272903685124817219e+00 4.328196578569369990e+01
4.097567845747358461e+01 -3.700722762737152038e+01
2.949770095349302235e+00 1.191657780743231498e+01
1.246152181418002058e+01 1.468088358900900836e+01
-1.679235271491298320e+01 -3.857776629485797315e+01
7.110449114339489896e+00 -1.980085205808099857e+01
-3.064943939447319821e+01 6.470569186850183563e+00
1.104826521518004157e+01 -4.546702194211341919e+01
4.853756406202160179e+01 -3.962729631319087531e+01
-9.410265761321712219e+00 1.655590837112049840e+01
-3.029879537828026415e+01 -2.582195399260127644e+01
1.231724533068109295e+01 2.987383509494473444e+01
4.463636704813522371e+00 -3.024126309385876255e+01
2.841217411298802986e+01 3.143338221133964439e+01
2.108890169328093833e+01 4.440427404980306392e+01
3.549475907232129401e+01 4.635763060580037376e+01
-3.536080205108049768e+00 -1.500475492663744248e+00
8.646874614720967855e+00 4.419888770437302128e+01
-1.277167573298749659e+01 9.824225159778576355e+00
1.136123009107007320e+01 6.006411509577890939e+00
-3.814821528078658730e+01 -9.708795501031897146e+00
-2.785011453606876941e+01 2.882786948117001913e+01
2.639876425477817179e+01 -3.256219920818858782e+01
2.238537917254609511e+01 4.245621380919273236e+01
-2.406504901926620477e+00 4.129388903262959332e+01
-6.257803389450522502e+00 -4.341394728374717005e+01
-1.362943418023311359e+01 -3.105511242434835140e+01
-3.516673998500591125e+01 -2.889193783589222164e+01
3.795595640361691636e+01 3.177461062470046116e+01
1.315636806282336480e+01 4.552824892937559298e+01
-3.809497025675314319e+01 1.022721914053884618e+01
-1.685753573687851414e+01 3.215306607224833613e+01
1.597887379811260189e+01 -7.742894244519527014e+00
2.160829146782401367e+01 -2.847111186413845374e+01
-4.831671224814957100e+01 -2.192693692351992496e+01
1.017210860203794454e+01 -3.944408694862833187e+00
2.106668091114709540e+01 -3.353241392372658680e+01
4.402360618353798571e+01 4.554483720511829148e+01
4.807308192592920904e+01 -4.411700765484619779e+01
2.403701481328369738e+01 1.006520879767840526e+01
-4.110466736843810054e+01 4.893410514150263424e+01
4.884230229622543717e+00 1.744679086081001174e+01
2.248929714127111268e+01 6.849445599011194652e+00
2.748786126145208453e+00 -3.492470539935591489e+01
-2.597155019031131928e+01 -9.741870909975535398e+00
-4.321626968609564301e+01 2.583848997384487944e+01
-1.573078974584840495e+01 4.897388401752596110e+01
3.885611928427262995e+01 4.385412383908123957e+01
2.391007888297095363e+01 -4.730531617232869479e+01
-1.176041136388185038e+01 -4.894736040106759845e+01
-4.347679297853450464e+01 1.813926955947026087e+01
4.866594759221185740e+01 1.662506300259270020e+01
-8.489698316086490948e+00 -4.588392968404287586e+01
3.942868578312590699e+01 2.067869732700759045e+01
-2.110067638814461244e+00 -2.843875074640628142e+01
-4.182339361380284259e+01 1.732022042260980044e+01
4.947791887923970933e+01 9.353231663974215238e+00
3.401824491291645103e+01 -3.470219416533036849e+01
3.761415734386469722e+01 4.483559687573867691e+00
4.836422756417528745e+01 2.357021409176767079e+01
-4.069168004148770734e+01 -2.077759828301064715e+01
-2.269518327768961186e+01 -4.288335866492399617e+01
1.800228926883506020e+01 -2.752769370930822035e+01
5.149972460289598430e+00 2.697423335442432801e+01
-2.882819833548916222e+01 -2.072114598001147812e+01
-1.435827083499833279e+01 4.563674903107229852e+01
1.602438621297164190e+01 4.505124043683687063e+01
-4.031324087631197273e+01 -2.354735172234443397e+01
-2.278619991559915903e+01 3.350871736299696124e+01
3.128523875435575974e+01 -2.062558433334904606e+01
1.497099395464400828e+01 -7.900536165485416262e+00
-4.253483253261828168e+01 2.388068549301733867e+01
8.537004269943103907e+00 -1.553294024182163469e+01
-2.419968216682506323e+01 -2.081819665358451843e+01
2.697304179204176222e+01 -7.568455863208001233e+00
-2.114281642265928340e+01 -2.358184080065412047e+01
-2.230810648460244039e+01 3.423560099785007793e+01
-3.303777127724608675e+01 -2.479133735980461140e+01
9.187520050794084625e+00 4.753597180902243480e+01
-4.958688414241058950e+01 -2.599838788221969921e+01
2.265161001206111990e+01 -2.492754729848823914e+01
4.181581361357331872e+01 8.151908155976217429e-01
2.532073027754488947e-01 2.123038678933604118e+01
1.397680310738244103e+01 -2.156973581374919036e+01
-4.902166794070394928e+01 9.473956526751726059e+00
3.410149824316226841e+01 -1.340974299078212528e+00
2.807951366013711336e+01 -8.746513743684259268e+00
-1.201944372703337471e+01 3.984455087501829240e+01
3.967261259364553894e+01 2.204467490304620014e+01
-2.151482606972266964e+01 -1.601008340644657224e+01
-2.148289742976369254e+01 2.796107912463616785e+01
-4.954271256231761811e+01 -4.153124243935468485e+01
-5.864273475703518201e+00 -2.489326788179492311e+01
4.058725965977198058e+01 3.808826777533975871e+01
2.165203794256064285e+01 -2.613236885264088727e+01
4.252909282527971158e+01 4.696184440066215871e+01
7.823900964150265480e+00 -2.309723729280634785e+01
-1.990905540635385762e+01 1.253322666347672687e+01
2.798440698878820143e+01 -7.889662314916511932e+00
1.569797176879120748e+01 -7.638008032080289667e+00
-1.482741312416490054e+01 1.246283368843987915e+01
3.114983411615606101e+01 -6.281883065412441347e-01
-4.468493311798405188e+01 -1.686568088621920314e+00
4.634105281446698754e-01 -6.308219214056265400e+00
-1.239842778865388695e+01 2.778780381378707176e+01
-3.999222892171795252e+01 -4.835205657600121043e+01
2.823760038702608455e+01 3.531587018538759537e+01
-2.762982454561144863e+01 1.269225681921188809e+01
-4.353297094793462207e+01 -2.610791978021742565e+01
-4.022696391162627449e+00 1.626825695889008117e+01
-2.822983797372382497e+01 -3.005299095053926006e+00
4.782909845832639917e+01 1.305373879376470203e+00
-2.986867850677221714e+00 1.661410185371994430e+01
2.122047108133107152e+00 -2.427308920060024988e+01
3.241679134958931030e+01 -3.712148686583309853e+01
-3.280562184648254487e+01 -3.250880750026652066e+01
-1.180594438068455254e+01 -3.984067497717627049e+01
-1.102033915184819080e+01 3.099144247583650724e+01
-1.462482051571275576e+01 3.765178029474449772e+01
4.588323939195362300e+01 3.387284222870093942e+01
-3.849546168436708626e+01 6.241166436076051482e+00
-3.915619898411473088e+01 3.758684229917004416e+01
-1.499921868199157693e+01 3.977150856342602481e+01
-3.758226079123399188e+01 1.378618285184187719e+01
3.725251504219006904e+01 -4.989344353718782088e+01
-1.952801501220572433e+01 -4.711753288546437801e+01
4.972950304460677096e+00 -3.248086149332773687e+01
9.002552875360603224e+00 -4.948793870837315723e+01
-2.179772264855491670e+01 2.597979193081413385e+01
3.719450137786057553e+01 5.421229816853334604e-01
-1.625533066769235813e+00 -4.522417843257142778e+01
2.508049181974168107e+01 3.313343150244858748e+01
3.660338459351766005e+01 3.267819797141061855e+01
-4.197656393407633857e-02 -4.912339716617396590e+01
-1.588059220933017990e+01 2.401228554573662421e+01
4.107881399758996110e+01 -2.060419572521521303e+01
-3.132927098253635023e+01 3.842169599469556829e+01
-1.159322073910448125e+01 1.169061809767977245e+01
9.697561716722569614e+00 -1.766993871063257160e+01
1.400365762003571390e+01 -5.140938445945164581e+00
1.984599613342926716e+01 -3.380622817362080923e+01
-3.046418911640431659e+01 -1.720799700309538771e+00
6.265854599263320779e-03 2.680943333989850430e+01
-3.071398632536572748e+01 4.921693559378591232e+01
-1.747004092644994699e+01 3.460004684679164200e+01
3.181421128927935982e+01 4.065719776479343039e+01
2.394459369680163974e+01 -1.833394141107794795e+01
-4.724418921091273660e+01 6.303864340546605050e+00
4.566736976474664544e+01 -3.439914774745253112e+01
2.577346851057630417e+01 -4.586570881319591564e+01
-3.054513505804860074e+01 2.025626732631469196e+00
-3.510223680576962657e+00 2.895096675031635414e+01
-3.719415399552441670e+01 3.924153277061479628e+01
-3.236079042887141100e+01 -6.511930427290835155e+00
-3.506466272170487741e+01 1.887645739428834801e+01
3.140036007807871599e+01 -3.074503378315250757e+01
7.813898826983689538e+00 2.208665729137408817e+01
-2.486751315955859631e+00 -2.380488579069353250e+01
2.341294325680800625e+01 -1.507930475785631508e+01
1.714644258325996873e+01 -4.449416458159840460e+01
3.970454848557378824e+01 2.164515271735967250e+00
-2.247769495573009735e+01 3.435006969856289061e+01
-5.752646786119730571e+00 1.692498878567782938e+01
4.926466979328947104e+01 3.526690473126256364e+01
4.335481156184639673e+01 3.621278926194110426e+01
-4.329505901078071162e+01 -2.081849985445802886e+01
-3.036708270802976983e+01 -8.898935726313418115e+00
-8.081701294945652592e+00 4.582675689628435123e+01
4.240820468340191951e+01 4.836690733251067797e+01
-1.186676610238971463e+01 4.640873367470188526e+01
9.031511138368653491e+00 1.065687648570623480e-01
-2.179029469959545651e+01 -3.376338932237595003e+01
-5.121248210327733474e+00 -1.527027331341137639e+01
2.385565415774415499e+00 4.382971888626796542e+00
-4.892108157562156379e+01 -2.034438700022987945e+01
-3.317193259335925148e+01 4.585083190278713516e+01
-2.635682754099942926e+01 3.326553232610026356e+01
2.077552362839074718e+01 6.065886230980499505e+00
2.011180119601405636e+01 -2.879957398116326317e+01
1.910396213326017545e+01 1.216058024075658039e+01
2.174493085447075558e+01 -3.473027311391504668e+01
-4.057466264446204463e+01 4.511844503356966385e+01
-9.605199720590441359e+00 1.434247561639679880e+01
4.604915621084501254e+01 3.373174282495893550e+01
-3.693662623448028626e+01 9.743599701255156731e-02
-3.182776505004583001e+01 -4.496232316064880763e+01
3.950675708066483338e+01 -2.339630458046475425e+01
-4.462364155023566781e+01 -6.531993081821951819e-02
2.801111230527825313e+01 5.694797892224778835e+00
-3.649465011109430890e+01 -1.114232622017611263e+01
-2.423268399478608615e+01 2.732460420580906657e+00
4.026708387515779464e+01 3.531137575461317368e+01
3.368232645484518883e+01 -2.841214926757836778e+01
-3.664501788958851591e+01 -3.797579788278980573e+01
3.746243812497069570e+01 -4.199715943740104507e+01
-1.105860462472039174e+01 -3.181812754440592883e+01
-8.884670428208107040e+00 3.333832285570878895e+01
4.784481583918667980e+01 -4.957506446705828296e+01
5.985641981421130353e+00 2.517798120857729316e+01
-1.099551858335727772e+01 -1.913948000542900019e+01
2.976445358842773103e+01 2.227707769807970450e+01
3.008909463323145062e+01 4.716827452137481202e+01
3.774998927858089814e+01 1.068413864383350642e+01
-2.259574540402024923e+01 1.877407354233140424e+00
6.889214779688268564e+00 4.518443952173377909e+01
-5.555695547758510600e+00 4.455257216197298931e+01
7.278679617511207844e+00 4.173725381183622574e+01
-1.160197463635912385e+01 -4.530401707689030388e+01
3.605118423474037570e+01 2.472309838259900516e+01
5.178183251878221149e+00 1.174126276411141490e+01
3.380679135931048052e+01 3.998184090613653296e+01
-5.318853520406785051e+00 -3.973995385267041769e+01
3.280795948339716261e+01 3.652818963429893273e+01
-2.527230432048543918e+01 -5.072582163997807925e+00
1.434680048714386302e+01 -1.223775724092680584e+01
-1.924046172862170323e+01 3.935189860298623188e+01
1.035070732838588903e+01 3.773301980629278773e+01
-4.407033159001526457e+01 1.239537590594873606e+01
3.388239271273943842e+01 1.068636527872960329e+01
1.775179008219777188e+01 1.979858299547310097e+01
4.444701701402875926e+01 3.828885344765093635e+01
-3.301177715558900871e+01 1.795890383910485610e+01
-4.675987632099717217e+01 2.904563802014416041e+01
3.120589094002550468e+01 -2.890344527146817555e+01
1.979189003998271801e+00 2.872678399732102505e+01
5.909265705406729907e-01 4.912331495180885810e+01
-2.607274712728346877e+00 -4.349473677728921572e+00
3.613745767832522660e+01 4.015102858040648925e+01
1.534668409330582861e+01 3.051418178438484219e+01
-4.978389360989169177e+01 1.394681749821012851e+01
3.264188693183708523e+01 -4.591965047416162093e+01
9.106559960220749872e+00 -3.047038612744704622e+01
-9.414634505549868138e+00 -1.587629426365228014e+01
4.764171148409733547e+01 2.317453679726998317e+01
4.665563988379700788e+01 4.786578467717006902e+00
-2.971074501157887582e+01 -3.185149996565934671e+01
2.135450305901579426e+01 3.587918348518707035e+01
1.708736902190831586e+01 -1.360402672068760133e+01
-3.907404727616646767e+01 1.218291739666009832e+01
-3.147033616928116473e+01 -2.798769656947648343e+01
-2.045139459581705310e+01 2.333338910714379821e+01
-7.449616268061731716e-01 4.660299852962340594e+01
1.510384816806862318e+01 -2.992488702687985480e+01
-2.210370973685873253e+01 -1.407236546791208553e+01
-4.408250421032895616e+01 -2.319423432545591979e+01
-1.013318215921342791e+01 1.239437485279560924e+01
1.229848723399777910e+01 4.878919124109646077e+01
3.179325101390844210e+01 -1.751279747896753491e+01
-4.256962229771608008e+01 2.706229394670842581e+01
2.715088718318747762e+00 1.396566041023945459e+01
-4.560934990320885163e+01 2.393237613580717493e+01
4.027438069489323169e+01 1.911654713216653789e+01
-3.352489952897831671e+01 -2.372154062340737823e+01
-4.158504890546010913e+00 2.351800075460764816e+01
7.201567043668665846e+00 2.452929741412973641e+01
-3.976495885174167455e+01 3.988247640649520065e+01
-2.775553129171442990e+01 -1.639080369889344269e+01
-1.680857195432721340e+01 -1.781822538171247317e+01
3.476117081052829860e+01 -1.024708693703701989e+01
-1.758993128691608376e+01 -3.434230367048434118e+01
2.319213846731399542e+01 -7.359417131248791044e+00
1.196789028496043628e+01 -3.993789069770969746e+01
8.899010835316223833e+00 -3.003925495206994967e+01
1.052728157966041955e+01 1.925940369139822650e+01
3.887545250691388787e+01 2.008285731672807373e+01
4.373634102966295956e+01 -1.601305146570045679e+01
1.402054754212448451e+01 2.144103503321014159e+01
-2.739509015071585196e+01 3.122614040988325002e+01
-3.161196328919114862e+01 -2.437915902198456308e+01
-1.700430798547888500e+01 2.944326535128144329e+01
7.750285455481376040e+00 1.155283426017130743e+01
-4.677670867742595107e+01 4.615244059303239510e+01
1.579956172279227644e+01 4.603913495506098741e+01
-2.982548342641876360e+01 5.307000588224020099e+00
-2.665518113896221308e+01 -3.148238258411785040e+01
-3.988943627932661684e+01 -3.973996116068454398e+01
-3.573861466997139047e+01 -1.441476275104989213e+01
-1.887342105684314220e+01 -1.509366437659896931e+01
-1.354655744343061841e+01 -3.531542667056789497e+01
3.396102378922249976e+00 4.302626349517041149e+01
4.819769686657208041e+01 -4.432944786371276535e+01
-2.643534005629602035e+01 3.371790759480736455e+01
3.872777799732362780e+01 -2.669607656145703700e+01
-2.875145792667404976e+01 -4.830041428620454269e+01
9.122514652324797524e+00 3.671139895288071386e+01
3.131917020722558931e+01 3.877287924776921102e+01
2.861486515522342344e+01 -1.334554301804963217e+01
4.029106080296347159e+01 -4.107869834931859998e+01
1.875162987068651432e+01 -1.182706162780725556e+01
2.535071087044165239e+01 2.298397854478832869e+01
4.415217302027674151e+01 -8.860296527665866506e+00
-1.182809917434193281e+01 -1.402928448730230748e+01
-3.070782593639218661e+01 -1.427207525634046625e+01
-3.392083616600641705e+01 -2.327302061176206394e+01
-3.833354406143215698e+01 -4.756091454807621943e+01
4.087969158031390293e+01 3.569128449112331225e+01
2.197754449899457185e+01 -3.892025685142858293e+01
-2.135479373980330209e+01 -3.288972773720535514e+01
-4.902987571105113318e+01 3.163231906817123473e+01
3.189387721388601449e+01 -1.955087698005391061e+01
-4.708713736656715554e+01 -1.341837124247177115e+01
-3.043295179963268993e+01 -2.842001166638152831e+00
3.976821757110892008e+01 -1.172151683632928254e+01
-3.864664823097378132e+01 1.016376706609736225e+01
-3.709314550357400986e+00 -1.244861106795065453e+01
-3.994650649819730148e+01 4.074257421827361014e+01
3.849197106057453510e+01 -2.480680808297576334e+01
-4.548404359623054916e+01 3.845568153160267144e+01
-3.417226858378818122e+01 1.218052051038530692e+01
1.602354169688422303e+01 1.938745502713379310e+00
2.568382278235027272e+01 -1.190016727425506815e+01
2.238694209021038262e+01 -4.765857248572263671e+01
1.984046194309295785e+01 -2.943564629837162983e+01
-2.953267806410993046e+01 4.560619243573634662e+01
-9.564003435451606805e-02 -3.546982279501919777e+01
2.082090284690971771e+01 -9.712978887760980840e+00
8.957316640387313456e+00 -3.404874045498651469e+00
8.213624153312126808e+00 -4.496469152665360980e+01
-3.529197578730163087e+01 -4.238275316657524883e+00
2.584078260119958514e+01 1.164178274893648002e+01
2.173120851946321963e+01 -2.295814947915070192e+01
-1.677969902798676216e+01 -7.441808763694490736e+00
4.469078945747084930e+01 -1.855784473991487360e+01
2.048578019498556912e+01 -4.640936548772165793e+01
-1.600134695357017378e+01 4.390531176587545303e+01
4.669045194645171648e-01 1.619360610610767282e+01
-2.125455965551207171e+01 3.088119304719916158e+01
4.597188585668541094e+01 -6.088139416795012693e+00
-2.355234959613622436e+01 4.531664883084618012e+00
3.346617104329028081e+01 -4.479376377366725848e+01
-3.388312728271429819e+01 -4.573905184971358295e+01
-4.946242975508040729e+01 -1.211507770612885082e+01
4.771902445394145786e+01 -3.313642681579646165e+01
1.891988693396188381e+01 5.362700109207974464e+00
-2.064625495712291325e+01 -4.052583305121753909e+01
-4.883501661544276118e+01 -3.611706975291983923e+00
4.594079000745361441e+01 7.835308246628159168e+00
-2.018528090868862890e+01 6.567963620720574269e+00
1.596236456641118018e+01 1.148051753303199796e+01
-1.391506898707384199e+00 -4.853570497051300237e+01
-3.096710947087024834e+01 3.918322137800404192e+01
-4.937296692576431667e+00 -2.308434233409806069e+01
9.814035823814570847e+00 5.066722054179074064e+00
4.465575449830488708e+01 4.542058257486565509e+01
9.271737410222314679e+00 -3.291370707676253460e+01
-2.390726913007022958e+01 -4.683325711690237370e+01
-6.162267929855669735e+00 -3.761052630779754224e+01
1.483437885043706927e+01 -4.973784676128857285e+01
-1.815833117748989523e+01 -1.184679426558680149e+01
-1.971848436015644168e+01 -1.938399988875170266e+01
-2.317403886669706736e+01 4.131928030131827256e+01
-1.257865721063264886e+01 -1.275741781722642365e+01
6.814772424233083825e+00 -3.540204425525064380e+01
4.938297567600689320e+01 -1.049074362468779320e+01
2.707433855323495564e+01 -3.734380633002432148e+01
-4.067626119671746920e+01 -2.311383230965723357e+01
1.623344328194923492e+01 -1.757369563645193722e+01
-4.910749391702314881e+01 -3.122106530462412977e+01
-3.055516404459752522e+01 -2.374819602412106079e+01
-2.423440546420652097e+01 3.073199857367223586e+01
3.827111241885765480e+01 1.444689784186169490e+01
1.413041244664814400e+01 -3.365574477389815655e+01
4.124657119687091367e+00 -1.204212408181267691e+01
2.349857112644102486e+01 3.837101070049773455e+01
-2.873033029763751856e+01 -2.426433374870071802e+01
1.132663071388280152e+01 -1.564607240805215849e+00
-1.241176856174583953e+01 -2.523485777782988748e+01
-1.865564952285198075e+01 3.681980601032832823e+01
3.142415777077848205e+01 -4.246329048067066125e+00
3.704273057912066491e+01 3.879833767225034791e+01
2.889657947349576617e+01 -3.655437820165479934e+01
8.048911517133594984e+00 -4.276362249303728191e+01
1.625413584725731297e+01 -6.068375139541782204e+00
-2.007366601289481878e+01 -3.391317124921611192e+00
4.691278231207890315e+01 2.024658515115920210e+01
-4.697892043183695421e+01 4.466483479448496752e+01
3.758517790332344077e+01 -3.795657610970238949e+01
-1.993247767818828731e+00 -4.771047287931795466e+01
3.569741287991278256e+01 -3.670426644512211567e+01
1.507079028595925685e-01 -2.385821327889630084e+01
-4.081470528973495249e+01 -3.194947663984908459e+01
-2.028410803108099358e+01 3.417465328443407202e+01
7.285143204973620890e+00 8.048606583180117013e+00
-1.855734879940720106e+01 4.322325993783022824e+01
-1.117671839611578122e+01 -3.687648296403735770e+01
3.095094696183681293e+01 4.059366483631819023e+01
-1.575255074514603226e+00 -4.591838244718282880e+01
3.500737539019677058e+01 -1.118357228596433828e+00
-1.670936808583551780e+01 -2.899129004229156337e+01
-3.436377463876283400e+00 4.238189827411369492e+01
3.963853437090229903e+01 -6.630353670266952548e+00
4.875288279284995241e+01 3.707461589125610146e+01
3.529157276991168324e+00 1.818422801601229466e+01
-4.990456062284764727e+01 -2.895771841885461839e+01
-3.474589276191844078e+01 8.347720738233965321e+00
3.192994501660775342e+01 2.845104725175822225e+01
1.737442447255621580e+00 3.607960896083361035e+01
1.289245431137032760e+01 4.421892528527700961e+01
-3.974084896767380570e+01 -4.757725406559549697e+01
-2.888038237167220856e+01 4.910300945966312725e+01
-4.268639278301837692e+01 9.598381680854483733e+00
3.416514090770264289e+01 -3.315798505278844033e+01
-3.060157850934608348e+00 8.562404496005960652e+00
9.710339998023076902e+00 4.012738567426831082e+01
-2.884153230915181965e+01 3.867568923175420537e+01
7.117587646960100045e+00 9.061465731804608126e+00
4.682338291478112779e+01 3.079171630729897657e+01
-4.514782404542199146e+01 1.200828943756588885e+01
4.981987186637233123e+01 3.832582704498253179e+01
3.420772578871056346e+00 -4.539118972434973642e+01
2.122735246533736841e+01 2.295181860450156108e+01
-4.028671749677169345e+01 -3.935485129610862032e+01
-4.367474797794680086e+01 -1.248917891172509620e+01
-2.999127714632398067e+01 -1.109208138002183475e+01
-3.984743979315679496e+01 -4.278525723692768423e+01
-1.676094012788416165e+01 -2.968803777851633896e+01
3.347638017120684140e+01 -4.290784735654312954e+01
-2.843562599185123219e+01 4.085432026740860323e+01
2.298956076166791718e+01 -4.040753236771939783e+01
-8.022669887378430786e+00 -1.372653772285327101e+01
3.409767434067128278e+01 4.019361467564584700e+01
3.593658979756543204e+01 -3.684117832332039910e+01
-4.527509076152577450e+01 2.111797131992831922e-01
1.592676195628217606e+01 -3.009651170719696012e+01
-3.139138751787635684e+01 8.192721858081686293e+00
-2.528275938157273828e+01 -3.331351028719983276e+01
1.050970807598858769e+01 -2.344050059280727893e+01
3.457092724038415099e+01 3.738414881188504069e+01
7.647823513790452665e+00 -1.657387366108788029e+01
-3.479805332844441068e+01 1.389024676649358625e+01
-2.063553457248885792e+01 3.216498256482023521e+01
-3.570274513945199857e+01 1.159801293604312278e+01
-3.232737708534655496e+01 -3.455647596763036233e+01
4.533529062003594134e+01 3.752405529586205546e+01
-1.078524656962780526e+01 -1.812664760530324770e+00
-3.005009648984011505e+01 3.169125047612458701e+01
-3.481591885799792152e+01 -2.023966058081933994e+01
-1.675077324392515443e+00 -2.573992759281695797e+01
1.626172401412386748e+01 -4.412209841335923421e+00
-3.208889501956214474e+01 -2.667217180745751293e+01
-4.819657975549461781e+01 -1.943259521631845033e+01
-7.144084450647147477e+00 -4.639768726201620552e+01
1.727635336198305538e+01 1.983317045547416768e+01
1.437451927132160634e+00 -1.680826015651405569e+01
6.618390089415637334e+00 -2.223506305217665258e+01
3.620818053089291944e+00 -3.057736075196849512e+01
-2.540308258195208424e+01 -4.811990744234925188e+01
-7.200411242731363792e+00 -3.204021797497969004e+01
3.139657540902872768e+01 -9.402640067481771169e+00
-3.260887203909001997e+00 -1.277971944475433475e+01
1.441397236064737619e+01 1.700923462315818568e+01
1.791655511059659744e+01 4.107938771006800494e+01
-4.241698722183564740e+01 -2.737087559744622212e+01
3.695884661144519612e+01 2.694329622787046219e+01
-4.625735707618109416e+01 -7.815114949876567074e+00
-9.735372335587054948e+00 -4.251099645410233308e+01
-3.679558714339407999e+01 -2.084599305169496830e+01
-3.337555465535926658e+01 3.675085674755614917e+01
-1.393148139956252862e+01 -2.268453719270394586e+01
-3.729694131420052372e+01 2.500379057723612775e+01
-9.820488535782034845e+00 3.745942839170991334e+01
3.356230428214909978e+01 2.380045662314511645e+01
3.504911056274772818e+01 1.330414556572757689e+01
-4.627251103239257191e+01 4.352542820922407429e+01
2.406076294389081216e+00 -1.218468332061484105e+01
-2.781515618025243164e+00 -2.119838105515414739e-02
-2.016703119211948803e+01 -2.868172473980692416e+01
-2.142518701510642831e+00 -4.498686184166764690e+01
-4.642894222008441929e+00 -3.828935119101411999e+01
3.101253783868029856e+01 -1.120607366490453671e+01
-2.205122049458296729e+01 -3.762440757230967137e+01
-4.437424666735503109e+01 -2.266579816775927725e+01
-1.522353160326723653e+01 4.540520425294322138e+01
2.266562090043640154e+01 -3.951830720906824013e+01
-1.018457508393193578e+01 -4.963191225680911600e+01
2.405397855999829204e+01 4.499427403505236356e+01
-7.787667820534604601e+00 -3.996598146200162205e+01
-2.707523569379062423e+01 1.388950226052949688e+01
4.092703496114393857e+01 5.537627157723101767e+00
-1.241065090241629854e+01 3.370489553538394745e+01
2.066040924778413768e+01 -4.925356134782491324e+01
9.343696702531524068e+00 2.490774076749109156e+01
-4.905077006746731172e+01 -3.321980003812488036e+01
2.484245701902803205e+01 3.566179909400099035e+01
4.018711281810776370e+01 -1.479406712321516082e+01
-3.277412105271715603e+01 3.857927204788543918e+01
2.837371754018003145e+01 -1.096034148997563307e+01
-4.090336935563280463e+01 -4.021396919607540354e+01
3.458890198510265179e+01 2.690938949982940542e+01
4.322857791045081655e+01 1.886196023444005476e+01
-2.811589144602311308e+01 -4.615162051703556045e+01
-4.027963105315760828e+01 -3.136951442912198118e+01
1.252984514784633063e+01 2.788381809160355118e+01
3.706138389323888305e+01 -4.671912135296098256e+01
-3.584158796492420151e+01 2.030958429001475807e+01
-1.263188413422660084e+01 -2.911362335346317920e+01
-7.610841474735440926e+00 1.534185762748623283e+01
4.042322060179787258e+01 -2.868169234605728590e+01
-2.246688430433272288e+01 1.935364292597577673e+01
-4.351684990004146414e+01 3.399201667498331858e+01
1.905678035961521033e+01 -1.403061323698195917e+00
1.653029358670701043e+01 -4.593330207373272600e+01
-4.376645581782339889e+01 2.150247857297256004e+01
9.300258063421196653e+00 -2.673879510920806890e+00
-2.396585898206460286e+00 4.935287489463063082e+01
4.708195614806578533e+01 -5.806975560823879334e-01
4.874238774441687383e+01 1.604442443579863209e+01
-4.029896784460495951e+01 -1.579482117685268072e+01
6.974645366515375144e+00 -1.428078117569675509e+00
1.938993493898396636e+01 1.187719470901134144e+01
2.854933649471855972e+01 1.207179087274660212e+01
-2.911894398391449101e+01 2.006575520675907143e+01
-9.189288769445870031e+00 1.883703075097040625e+01
1.928172708726437889e+01 4.959313108573115692e-01
7.877543367219685955e-01 2.666229211948789590e+00
4.424880470635069685e+01 2.364309576652090428e+01
-1.240691235985232943e+01 8.047114232855268057e+00
3.248246484174910353e+00 9.293905899969223228e+00
-4.511443797547965318e+00 -1.130495537093412217e+00
-1.277349670171968832e+01 -9.789034841040233914e+00
-1.355092099957622143e+00 8.388819626308329447e+00
-2.616119610844291898e-01 -3.246197139461699521e+01
3.311448611391642061e+01 -1.707815296183554565e+01
2.001198284875013300e+01 -8.379548675881965281e+00
-1.547643566858212338e+01 -3.547009287727370719e+01
4.851836939391378678e+01 -2.358205785535446708e+01
-4.525872983314948073e+01 -1.473688823202644649e+01
-2.651155340819744133e+00 -1.698750790316891823e+01
-3.364840308014799319e+01 1.448308849301898071e+01
-5.031362112933191355e+00 4.589741712123534967e+01
1.269952188439986784e+01 2.114517101485278161e+01
3.367742035094888564e+01 -2.930529315378919009e+01
-1.427314622263696720e+01 -3.101677321089528760e+01
-1.623372407945710094e+01 6.043422501099138699e+00
2.460209843711680389e+00 8.503575279499875350e+00
-1.787988132665597618e+01 7.387852709612086066e+00
-3.180465502502157804e+01 3.373494882273902107e+01
-3.354286643270631973e+00 -2.194975827069902863e+01
1.359156618473860156e+01 -3.442622080414709274e+01
1.035738719619206982e+01 2.129646106836944242e+01
-1.464093117809659361e+01 1.704652557404167013e+01
-1.666082277733311656e+01 -1.282780443679043536e+01
2.517664935818853067e+01 3.519631893509645693e+01
1.487342647483311708e+01 -2.128965955454149395e+01
4.657772800235060373e+01 -2.976339679914842407e+01
3.959484508856576923e+01 -4.850183235623006794e+00
3.775036292943052274e+01 -2.486498245124275641e+01
4.918549716692221097e+01 -1.196296214110313905e+01
1.909684935899261760e+01 -4.212139687377658248e+01
-4.755500821086017282e+01 -1.253692284773645405e+01
-3.063140921608967915e+01 -1.759207954036414634e+01
2.010470204796005333e+01 2.233449285892563552e+01
-2.714911182801629153e+01 -1.001351079689302104e+01
-2.566336791570592624e+01 1.692325414132861283e+01
5.059212804460544888e+00 2.686828129391880537e+01
-1.858369697979015456e+01 3.844365215288908644e+01
-3.184750459157143965e+01 1.337169319047140092e+01
9.778991593938734184e+00 -8.777804586312043966e+00
-4.094607825575495497e+01 -8.493695478430717927e+00
4.869281902021362640e+01 -2.953682366053200781e+01
-3.779139593763223104e+01 2.077157706009319327e+01
-8.298633837926017165e+00 -1.925091179698220500e+01
-4.352741044997648601e+01 -2.994777574194300485e+01
2.158830418106468940e+01 4.796729793387899399e+00
-4.470461296514152139e+01 -3.719996606081943380e+00
-7.838010314246135479e-01 -2.739690496677210518e+01
-2.885503491617227212e+01 2.061790575616059229e+01
4.722388122238429631e+00 -1.950977299794974940e+01
3.409613973058668535e+01 -1.705814802451222079e+00
4.178347297863633969e+01 3.917483146272586936e+01
-2.531646097422524022e+01 1.365015737935421036e+01
8.431761983240837921e+00 -2.438679108252152972e+01
3.022789862068461275e+01 -4.020762364324601634e+01
-3.621318373425652482e+01 4.041934065762725936e+01
3.554487773781711546e+00 1.629329811764562663e+01
1.889669295047552566e+01 -4.550530652119939390e+01
2.669677278978416268e+01 2.908850712213770606e+01
4.175933047931442843e+01 -3.323665145678733612e+00
-4.544444287104750657e+01 -1.030262326293625108e+01
1.193919978586757225e+01 -5.830381647607074669e-01
-9.482877529532618865e+00 -3.855720182063490142e+01
-2.159265438633204326e+01 4.850474948419908117e+01
1.238765157423086194e+01 -3.211044004428215004e+01
-2.107469600601007542e+01 -3.332585963952580954e+01
3.867701120264187864e+01 4.194241145511793434e+01
2.418430238703915691e+01 4.144577915944850588e+01
4.488323493973748413e+01 1.826585537480617205e+01
4.360219595101932555e+01 2.389195285025638071e+01
1.560107006455507772e+01 -2.028746316010803241e+01
-2.430494418492036246e+01 2.135530820768180149e+01
3.306114660122031523e+01 3.961084703628592329e+00
1.201781427779656752e+01 -4.797607427632102173e+01
2.817593789517189862e+01 3.016916693682545514e+01
2.057694537886086650e+01 -3.469149219658977756e+01
-3.132952375307919013e+01 2.995372703179776153e+01
2.491638219138095778e+01 -1.402976692814769066e+01
4.827289826309423404e+01 2.941604848455003918e+00
1.265427380404307023e+01 -3.735050687745196996e+01
-1.002363477256621493e+01 -3.391918809920546352e+01
-3.185753449526084324e+01 -2.928339701218753888e+01
-1.752685604333826674e+01 -7.637976147913927427e+00
4.284859445538310752e+01 -1.087692787077727630e+01
3.599411317159653123e+01 4.827732599878302722e+01
3.208915895780550809e+00 2.574393628994321404e+01
-1.402101368635840828e+01 -3.859718411021192708e+01
-1.003870272638374139e+01 1.676057341067343032e+01
4.374236550217402986e+00 2.726133270293412636e+01
4.352451674994037489e+01 4.024609942356230619e+01
4.588909144368521709e+01 4.245274381244029627e+01
-3.749150775822415937e+01 4.699158795771975861e+01
-3.606503910835369453e+01 2.334327559762390081e+01
-4.833778146051459501e-01 1.676946380035965234e+01
-4.217846982727071747e+01 -4.355006671356008496e+01
4.342702858821660072e+01 -1.154594758089553252e+01
-4.906664348243894125e+01 -4.172542444539896422e+01
-1.025721737334026606e+01 -1.075914372210553438e+01
-4.040786845237069969e+01 -4.502010723533590664e+01
-4.255840890476127214e+01 2.985440161232349965e+01
1.858295398141626009e+01 1.640629929699273148e+01
-1.751908133169285264e+01 -2.081284002190098015e-01
-2.367434553880629622e+01 -3.813606316118012263e+00
-7.957069508640879363e+00 2.777593008124602392e+01
-2.467718701540808723e+01 1.448403124206992842e+01
2.107546126193638969e+01 3.178206992006841247e+01
2.115448911829497192e+01 3.546439475231222271e+00
-9.239378924007979776e+00 9.178551717792338138e+00
-2.489982046451193298e+01 -4.010958418243173185e+01
2.378336466261208315e+01 -2.225926448792536760e+01
-3.887827987235903393e+00 -2.449420353633389169e+01
-1.888582109817006227e+01 -1.234381743098446016e+01
1.795277959363020770e+01 2.163701574734938760e+01
4.916443932573496767e+01 -3.611639369578987413e+01
1.371287897947559564e+00 -9.588457232579761680e+00
4.925108194025078490e+01 -1.673307214228034923e+01
1.444710563340994014e+01 -1.055658121882702183e+01
2.514233825581495552e+01 3.889734794023846920e+00
2.746656753186013233e+01 -4.052422052926198148e+01
2.536414634587478290e+01 -3.588962367150536892e+01
3.192174817732773562e+01 4.446749498121549493e+01
3.182855115311291527e+01 1.159576158008142066e+01
2.776495555353332279e+01 -6.710739259921838951e+00
-4.289792570869666122e+01 3.614893869443409358e+01
-5.327882177041276535e+00 6.223350199791655157e+00
-2.255026646407032231e+01 -4.196702791760964146e+01
-1.895321151598794440e+00 -3.433169853331548182e+01
-4.220671142512111373e+01 1.677368040327278464e+01
-2.504363119744096267e+01 2.649343593966858634e+01
-7.067225152838762625e+00 -3.048882047332287470e+01
3.632469612297052208e+01 9.183449513843755518e-01
-1.470376041046150828e+00 -4.825623724166378281e+01
-4.082706447724553556e+01 1.852347996310734857e+01
4.333698973610770366e+01 4.229936297314782223e+01
-1.460589684749116302e+01 4.320958452436989461e+01
-4.310686461090976707e+01 1.725767565787262825e+01
-6.651358933480233659e-01 7.471175790296324948e-01
-3.684295765407774326e+01 -2.717706489630773348e+01
2.427812929729492453e+01 2.325785146710923623e+00
-4.710038606617690249e+01 2.273203333452323704e+01
-2.381381619343959599e+01 2.932866571923220533e+01
3.372189724819245527e+01 1.634859371107527792e+01
-4.445056152296774599e+01 3.550822086952576484e+01
-8.871290774462636364e+00 -4.994988774507294238e+01
3.983912460821505164e+01 4.105551075043815956e+01
-1.037061565905493765e+01 4.539185167647079311e+01
-4.881876097279077698e+01 7.249375896595200430e+00
4.601039870310924584e+01 1.604342422836929671e+01
4.144934154840388629e+01 -1.060359179816728847e+01
3.331382696936262278e+01 -1.443547368734530068e+01
1.127905560265530838e+01 1.383126403716604713e+01
-3.832332617385981877e+01 1.207095848686698858e+01
-7.093303088306357473e-01 4.675514345394176274e+01
1.016297596877900844e+01 -1.188611790618141484e+01
7.040087584469478799e+00 1.968458740018905928e+01
-4.302310730146883344e+01 -3.211968292769565636e+01
-4.771741566826618453e+01 -1.843839055628318135e+01
3.604187200886745046e+01 -1.934014688210218225e+01
-1.041340344676414631e+01 4.332887240875638035e+00
-8.410875111131277393e+00 -1.663463526182394858e+01
2.398669719320489779e+00 4.450351597921192592e+01
4.989259130807263887e+01 -1.179793532433537351e+01
-2.355369552261086241e+01 4.396644274567822208e+01
-4.502575209851548976e+01 4.243103070356612960e+01
1.755846251024234661e+01 3.375780939276767612e+01
1.929103727990736417e+01 -3.387291462655110763e+01
3.031770389487570228e+01 -3.372542321451854619e+00
-1.233505122274046784e+01 1.576134244259488426e+01
2.788013680665970639e+01 8.852828022873426406e+00
3.312379639825194033e+01 -2.228249111668789695e+01
4.066291765738851893e+01 1.361439867774819668e+01
1.568799989634087666e+01 1.527063506284445182e+01
-4.652132937803469304e+01 -3.591249558680010523e+01
-9.125400020681627922e+00 -4.819376847517015960e+01
-3.293470994286129638e+01 -1.480077925456296839e+01
2.758444890126157034e+01 3.758651817821338881e+01
1.856641317711945760e+01 -1.678230217972537375e+01
3.480941367308106038e+01 -4.962821017480612085e+01
-6.751805680827849265e+00 -7.692441802297189213e+00
3.690284267750871550e+01 -1.833670725475688990e-01
9.751233495460965628e+00 4.355977178406056360e+00
4.480235653922110117e+01 1.289508062896265272e+01
-1.482973233575046734e+00 -7.788833146108453676e-02
